01111111111101
01111111110101
01111111101001
01111111011000
01111111000001
01111110100110
01111110000110
01111101100010
01111100111000
01111100001010
01111011010110
01111010011110
01111001100010
01111000100000
01110111011010
01110110001111
01110101000000
01110011101101
01110010010100
01110000111000
01101111010111
01101101110010
01101100001000
01101010011011
01101000101001
01100110110011
01100100111001
01100010111100
01100000111010
01011110110101
01011100101100
01011010100000
01011000010000
01010101111101
01010011100110
01010001001100
01001110101111
01001100001111
01001001101100
01000111000111
01000100011110
01000001110011
00111111000101
00111100010101
00111001100011
00110110101110
00110011110111
00110000111111
00101110000100
00101011000111
00101000001001
00100101001010
00100010001001
00011111000110
00011100000011
00011000111110
00010101111000
00010010110010
00001111101011
00001100100011
00001001011011
00000110010010
00000011001001
00000000000000
11111100110111
11111001101110
11110110100101
11110011011101
11110000010101
11101101001110
11101010001000
11100111000010
11100011111101
11100000111010
11011101110111
11011010110110
11010111110111
11010100111001
11010001111100
11001111000001
11001100001001
11001001010010
11000110011101
11000011101011
11000000111011
10111110001101
10111011100010
10111000111001
10110110010100
10110011110001
10110001010001
10101110110100
10101100011010
10101010000011
10100111110000
10100101100000
10100011010100
10100001001011
10011111000110
10011101000100
10011011000111
10011001001101
10010111010111
10010101100101
10010011111000
10010010001110
10010000101001
10001111001000
10001101101100
10001100010011
10001011000000
10001001110001
10001000100110
10000111100000
10000110011110
10000101100010
10000100101010
10000011110110
10000011001000
10000010011110
10000001111010
10000001011010
10000000111111
10000000101000
10000000010111
10000000001011
10000000000011
10000000000001
10000000000011
10000000001011
10000000010111
10000000101000
10000000111111
10000001011010
10000001111010
10000010011110
10000011001000
10000011110110
10000100101010
10000101100010
10000110011110
10000111100000
10001000100110
10001001110001
10001011000000
10001100010011
10001101101100
10001111001000
10010000101001
10010010001110
10010011111000
10010101100101
10010111010111
10011001001101
10011011000111
10011101000100
10011111000110
10100001001011
10100011010100
10100101100000
10100111110000
10101010000011
10101100011010
10101110110100
10110001010001
10110011110001
10110110010100
10111000111001
10111011100010
10111110001101
11000000111011
11000011101011
11000110011101
11001001010010
11001100001001
11001111000001
11010001111100
11010100111001
11010111110111
11011010110110
11011101110111
11100000111010
11100011111101
11100111000010
11101010001000
11101101001110
11110000010101
11110011011101
11110110100101
11111001101110
11111100110111
00000000000000
00000011001001
00000110010010
00001001011011
00001100100011
00001111101011
00010010110010
00010101111000
00011000111110
00011100000011
00011111000110
00100010001001
00100101001010
00101000001001
00101011000111
00101110000100
00110000111111
00110011110111
00110110101110
00111001100011
00111100010101
00111111000101
01000001110011
01000100011110
01000111000111
01001001101100
01001100001111
01001110101111
01010001001100
01010011100110
01010101111101
01011000010000
01011010100000
01011100101100
01011110110101
01100000111010
01100010111100
01100100111001
01100110110011
01101000101001
01101010011011
01101100001000
01101101110010
01101111010111
01110000111000
01110010010100
01110011101101
01110101000000
01110110001111
01110111011010
01111000100000
01111001100010
01111010011110
01111011010110
01111100001010
01111100111000
01111101100010
01111110000110
01111110100110
01111111000001
01111111011000
01111111101001
01111111110101
01111111111101
01111111111111